100
100000 4999950000 1000000
100000 4999949877 500000
3 3 1000000
66753 421036723 728824
58765 205359199 893589
70206 1524406289 233154
65785 324517758 588025
80109 1802635382 317409
81737 2856465831 963256
93697 3187557447 716705
70626 8237824 375428
53706 640072257 942796
99307 3954294895 741047
97566 2751471866 982401
61195 1142734682 571580
70035 2193585654 378005
62728 1780955316 424170
87246 743460765 990316
60098 129911041 511233
66987 50346260 306431
87067 3079480578 154275
81412 2483677346 687846
68134 786399221 737074
52809 425694359 149659
51057 869610094 962547
76565 2240149948 693050
96452 3002061124 414627
93547 4133975955 371870
77516 2772201843 579822
68352 2333029980 133128
64241 1425154735 883248
57014 32912196 317521
61233 132283477 959996
99936 4993517062 998791
99912 4991118898 999076
99914 4991314508 998070
99968 4996707522 997329
99976 4997529640 997183
99988 4998710178 997707
99908 4990720837 998425
99963 4996218402 997770
99998 4999709104 999691
99953 4995221905 997854
99982 4998125848 998827
99958 4995735504 998476
99952 4995117414 997029
99913 4991241730 999068
99934 4993352018 998034
99912 4991115282 997961
99990 4998910611 999665
99988 4998746338 997905
99933 4993224893 997609
99924 4992325560 998056
99972 4997106727 998283
99974 4997315675 999037
99957 4995610092 998813
99935 4993446524 998160
99988 4998738861 998137
99980 4997929390 998417
99972 4997143423 999370
99909 4990820020 999091
99931 4993006480 998424
99952 4995117086 999814
99957 4995639682 998238
99908 4990750249 997179
99913 4991205270 997768
99980 4997925947 998520
99992 4999105754 998764
99962 4996126626 998827
99991 4999047526 998415
99913 4991214090 999738
83302 3469524928 223011
79171 3133983641 913295
12060 72710345 488560
65236 2127822748 130931
86777 3765030249 398869
66614 2218663596 623414
35927 645336386 906781
56809 1613580052 367985
20597 212097225 218917
98691 4869873605 322704
11885 70615185 554452
31384 492441123 762311
63870 2039621336 853938
91510 4186970975 687247
15075 113610329 394803
33692 567553715 610990
38435 738592203 64855
19366 187507470 881778
30983 479939146 854553
69259 2398336027 622133
58194 1693223713 506959
34521 595824929 461277
13225 87435169 313580
60188 1811231024 124451
99465 4946584203 502713
49608 1230434248 259944
97400 4743313233 677375
19204 184386289 502410
100000 4999928669 299997